-5.000751 0.812359 0.323768
-0.186132 -2.123843 -4.555043
3.128605 0.035698 -3.895270
0.537509 -0.784636 -4.899054
0.022316 0.036912 -4.999815
-3.710060 -2.114442 -2.922928
-0.562042 0.384403 -4.956450
1.288466 1.198805 4.689223
-3.505626 -0.932245 3.384554
-0.196235 4.748757 1.320946
-3.195059 -3.907888 0.860750
-1.996624 1.953440 -4.152741
-3.826574 -0.414906 3.100178
-2.823453 1.960554 3.612162
-1.337450 4.325804 -2.675760
0.689099 -0.313169 -4.948159
4.534772 1.725316 -2.304608
-0.958232 5.045825 -0.774445
-0.558381 0.136136 4.964204
0.355554 -3.851194 3.087479
-1.624888 1.854665 -4.317329
-0.871725 -1.905329 -4.622202
-2.693417 0.761993 4.036047
-4.835149 -1.632165 -1.823371
-2.696503 -3.937885 2.217754
-0.681858 -2.277348 -4.498576
-4.916459 0.286367 1.299793
0.121810 -0.005486 -4.998518
1.293290 1.563606 -4.601063
-3.341921 -2.805299 -2.637162
0.146314 0.004458 4.997863
0.003277 -0.164400 -4.997290
0.145762 -0.010243 -4.997878
-3.700072 -2.851528 1.157620
-2.910041 -1.890838 3.624384
1.665595 0.150880 4.731288
2.856553 1.364831 -3.790924
-0.312746 -0.468689 4.966010
-1.698289 -2.634550 -3.988284
2.264684 0.672893 4.505021
1.205287 -1.750181 -4.455578
1.210654 -0.421151 4.798190
3.559696 -0.202093 -3.502331
1.603752 -1.346410 -4.571470
-2.507097 -3.374736 2.909040
0.660612 -2.906019 -3.930408
-4.410395 0.577522 -1.762882
-4.196180 2.738082 1.790989
0.090421 4.049739 2.959286
3.383029 0.195302 3.689069
-0.604207 -1.206030 4.775468
-0.913232 0.447040 4.877652
-1.107180 0.681673 -4.849236
4.361107 0.041420 -2.470913
-1.619135 -4.444008 -0.616770
-2.781163 1.000230 3.927804
1.332097 -2.681221 -3.904842
0.513557 -5.028395 -0.585397
-3.021758 3.789341 0.663350
3.441409 -1.658028 -2.920778
-2.827388 -0.169024 -4.090230
-3.543384 2.907130 2.327919
0.717650 3.849157 3.216464
-2.762453 4.305637 -0.464977
1.308421 0.914210 -4.700503
1.674645 3.630415 -2.384661
-1.929313 3.781526 1.744231
0.394773 -4.702395 1.210562
0.753510 1.139241 -4.831795
2.038452 4.181131 -0.793332
2.747871 -2.004321 3.642195
-1.695440 0.675358 -4.715417
0.995859 -2.336416 4.427743
1.781640 4.876559 0.606876
3.848171 -2.870784 -0.717567
2.559091 3.640885 -1.588775
-0.372771 -0.837878 4.901586
0.392198 0.256367 -4.976724
-2.628649 -2.503594 -3.442217
-3.404162 -1.409611 3.247398
3.260350 3.139884 2.049822
-3.679287 -1.441837 -3.221269
-0.609488 1.173205 -4.785813
0.095756 -3.229366 -3.805810
4.582282 -1.352546 -0.546606
-0.400420 1.234117 -4.793863
-0.452993 -1.430702 4.719074
-2.077685 2.285318 3.953888
-4.131428 2.852875 0.080689
3.830167 3.264226 -0.382996
0.862724 -1.163022 -4.760669
0.006753 -0.026392 4.999926
-0.375442 -1.324311 -4.833823
-0.177529 1.365584 -4.787317
1.544558 -0.924000 4.598418
4.607451 1.440544 0.422151
1.107756 0.775125 4.833108
3.603332 -2.984188 -1.287726
-0.510095 -0.160876 -4.968821
-1.146174 -3.745387 3.242502
-0.759803 -4.870490 1.812198
4.789239 0.365118 -1.801949
-0.177992 1.408640 -4.773823
-1.446801 -3.470342 -3.066078
-1.836677 2.137832 4.169680
1.445671 -4.395250 -2.573346
4.695735 -2.269478 0.745659
-0.664235 0.485984 4.926479
0.700755 1.960214 -4.626644
0.699661 1.968276 4.438983
-4.240617 -2.892207 -0.738582
1.769929 -3.540304 2.535639
0.323954 -0.194963 -4.986351
-1.813987 4.921592 -0.959713
-3.976917 1.147002 -2.086150
-4.698734 1.592929 -0.097585
0.721482 3.057220 -3.989043
4.245774 0.876645 1.778674
1.093881 -1.993778 4.543540
3.097493 -3.902929 0.092973
-2.198183 1.464097 -4.337670
-3.969386 0.657878 -2.677898
-4.001931 0.876520 -2.365940
1.752720 3.424946 -2.864013
4.981953 -1.364639 0.600779
3.143426 -1.956691 3.405545
-2.014161 0.884079 -4.582210
0.118813 -3.617843 3.444133
-2.142265 3.401408 -3.136821
-2.325076 -1.798849 4.109115
0.006240 -2.412346 -4.378317
4.832623 -0.361183 1.676777
2.363055 0.946523 4.424735
1.851442 -1.250769 -4.541661
-0.576324 0.693527 -4.913833
-2.266197 3.255508 2.776332
0.882325 -0.109072 4.914958
0.802583 -1.049215 4.836984
-2.981321 -3.312123 -2.072496
-0.222554 0.156655 -4.992784
2.557946 4.108917 2.190703
0.611489 1.894664 -4.657414
-0.372301 0.705634 -4.927638
-2.385052 2.421858 3.668368
0.480363 -2.327050 -4.311048
0.462310 4.811453 1.812147
-2.577372 3.243793 2.546557
-4.430245 -1.423655 0.804507
-0.312964 0.100908 -4.989680
1.806784 0.732035 -4.509203
1.739017 -0.508256 4.585998
0.408303 0.380637 -4.968358
1.590379 2.087898 4.190209
-3.640255 2.579971 -1.573135
-0.639368 -0.314842 4.953723
1.244639 1.471830 -4.638575
1.791775 -3.451650 2.754396
-4.980638 -0.435232 0.002787
2.946095 2.765148 -2.983236
-3.596076 -1.034604 -3.379563
-2.320762 1.749781 -4.139558
-3.668758 -3.143247 -1.731343
4.463140 2.226552 0.031739
-0.483257 1.187586 -4.796926
-0.600201 -4.258023 2.793687
-4.047183 0.641799 3.029379
-0.268871 -1.211531 -4.861548
-1.230842 -3.552011 -3.080806
-3.715796 -1.400029 2.461996
-1.144485 -0.393819 -4.821791
3.301311 -0.230276 -3.769579
-0.489806 -0.324332 -4.962905
3.040238 2.446455 3.013106
-2.573857 -0.826321 -4.089704
2.910537 2.865169 -2.895609
-1.194568 -0.440007 4.859181
-0.455668 -2.204331 -4.537583
-1.418189 -4.897799 1.760213
0.350183 -0.104149 -4.987298
-0.079948 0.344605 4.987996
1.384030 -4.756890 -2.080089
-0.441545 4.915211 -1.469491
-2.306170 1.535361 -4.258325
-0.716994 -1.130333 4.787907
4.959831 0.146786 0.427028
0.258903 -1.995026 4.617858
1.145422 3.657849 -2.910846
0.621666 -0.472301 -4.942160
0.650463 -4.307990 1.918439
-0.768862 -1.089896 4.795490
3.529738 1.947153 2.387732
3.097684 -3.307437 1.979698
-0.126966 -4.961402 0.820959
0.906874 0.132201 -4.908411
0.891888 1.040444 4.797328
-0.482334 -0.155155 -4.972133
0.011915 0.025941 4.999918
-2.921545 0.993887 3.844518
0.034382 -0.001458 -4.999882
-1.982584 0.455091 4.489282
-2.156257 -0.381611 4.556765
-0.829238 5.047826 -0.925086
-3.367720 -3.296362 1.614716
0.183552 1.744978 4.653527
-0.373665 -0.425049 4.967129
-0.164758 -0.364909 -4.984878
-0.056445 -1.304639 4.820991
-1.879339 -2.672620 -3.847137
0.421434 -2.690624 4.270878
2.161559 4.786353 1.176197
1.542341 -0.738256 4.626965
3.368314 1.719331 -3.351365
-2.778418 2.306708 3.468439
4.774887 -2.151386 0.859774
-4.172873 1.326730 2.833923
-2.102761 -2.687694 3.636933
2.812010 3.306984 -2.224922
1.175138 0.729527 -4.771411
-0.764103 -0.494738 4.923979
2.214845 2.136445 3.949070
3.983442 -1.738677 -1.445712
1.181855 0.646088 -4.778628
0.246061 -0.305903 -4.984150
-3.006431 -4.054045 0.239716
-4.817816 -0.971863 -1.988285
0.098544 -4.379043 -2.472580
1.497381 0.737988 -4.646120
-1.275395 1.796252 4.549060
0.145655 -4.992490 -0.546074
-4.125358 -2.969809 -0.433176
-4.186905 0.184070 2.802206
0.534862 -1.833012 -4.538923
-3.678974 -0.902924 3.078492
-0.653213 -3.816574 3.250535
-2.655957 2.807323 -3.191294
1.383990 -4.330969 -2.659771
-1.050767 1.166092 4.757093
-2.855301 4.062132 0.129984
2.467039 -1.750547 3.914767
-1.803183 2.332446 -3.981604
0.346420 1.262854 -4.848825
-4.992231 0.240847 0.739432
1.762676 1.353061 -4.423569
-4.142475 2.646328 -0.256972
0.087166 -0.574547 4.967745
1.528350 -0.287781 4.714449
-1.824028 1.370002 -4.505500
-1.213799 -4.254200 -1.366493
-2.338462 -3.184085 -2.857604
-1.998262 -0.906333 -4.380728
3.836158 0.650832 2.951020
-0.492647 -0.033083 4.976049
-0.104192 -0.628953 4.956548
3.242795 -2.277997 3.168696
-3.045416 0.678925 3.836579
-3.757887 1.287898 3.201472
-3.039586 -1.592926 3.687949
-0.114015 0.381823 -4.983108
-0.477726 3.098463 3.963393
-3.072219 2.906818 -2.605062
4.745054 -0.760237 2.095854
3.364175 3.144052 1.793580
-1.899215 -4.793633 1.722460
1.517277 -3.661536 2.474575
1.477906 3.423623 3.393969
-0.783498 3.724452 3.073569
0.274756 -1.269315 4.848395
4.047325 3.022935 -1.325849
-3.045921 2.920454 -2.636847
3.927465 -1.001958 -2.394652
0.126352 2.076688 4.523197
0.649599 0.472965 4.939258
-0.106683 0.068598 -4.998415
-3.329684 -0.508122 3.734463
1.243306 -0.110460 4.831593
-1.931038 2.778964 3.723867
2.267336 0.763094 -4.272780
-0.020842 -0.069168 -4.999484
-1.269162 0.459048 4.774006
1.608190 -4.603129 0.298498
1.132742 1.357516 4.652112
-3.251007 -3.749286 1.218843
-2.303835 3.557484 2.008178
-1.355989 0.724872 -4.794714
-0.560158 0.042104 4.967501
-1.976830 3.022944 -3.475821
-0.186810 3.522976 3.543819
2.105357 2.218892 3.943409
2.208671 -3.888705 -2.718183
-1.489493 -4.901989 0.378681
-2.301911 2.747378 3.477880
-2.850882 -0.953479 -3.897086
0.479376 0.574762 4.941290
0.347192 -1.313249 -4.776996
-0.703877 -5.007528 1.261633
2.214445 -3.595719 -2.951893
0.407888 0.603896 -4.950373
-3.708915 -2.346926 1.586050
-1.358319 -1.181560 -4.644752
-2.471234 -3.278467 -2.558027
-0.247423 -1.341130 -4.830864
-1.619305 -1.258501 -4.513402
-2.371072 -0.813015 4.441335
3.509896 3.167258 -1.879360
0.216072 2.221663 4.432192
0.467548 1.217266 4.789629
4.704618 -0.713632 2.160753
-0.030951 -0.023113 4.999851
2.523385 -0.215579 -4.353043
1.129671 0.520441 4.865361
1.753494 1.585428 4.428881
-0.388380 -1.123766 -4.876272
0.010011 -0.003258 -4.999989
1.850040 2.618644 3.785986
2.554714 -3.156997 -3.029151
-0.954686 0.857494 -4.838529
0.918125 3.326550 -3.657934
-1.774950 4.258867 0.854678
-1.232320 -3.405223 3.473312
1.200654 2.482672 -4.301634
0.231196 -0.299542 -4.985226
1.472904 -2.357099 -4.059940
1.805900 0.488747 -4.561315
-0.547433 -3.222423 -3.844242
-0.515506 1.994929 4.625152
-2.734230 -2.188943 3.574797
-0.158949 -0.071986 -4.996867
-4.520786 1.011775 -0.985018
0.112632 -0.276066 -4.990655
-1.173544 -0.502489 -4.798852
-3.847411 -0.147532 -3.213925
-1.841474 -4.208866 2.626861
0.130333 4.961848 0.823035
-3.266462 -1.874518 3.106998
-1.927406 -0.222068 4.641980
0.704300 -0.789572 -4.882713
0.063667 -4.993745 0.160697
-0.415408 2.430064 -4.271866
1.063088 -1.857941 4.596078
0.020936 -3.200156 3.844182
0.715302 1.065348 -4.850721
-0.438836 -0.590274 -4.948735
1.930757 4.872163 1.352853
-0.038548 0.034494 4.999732
-0.399153 1.313202 4.835554
4.487111 -2.445263 1.738977
-4.992982 -0.566507 -0.157990
2.592382 -4.487215 -0.722799
-1.449913 3.845820 -3.089785
3.291641 -0.412540 -3.779796
4.241315 -1.395125 2.750523
-2.500307 -0.602349 4.389022
-1.301895 -2.468132 -4.275493
-0.861304 -1.647026 -4.701481
-2.392144 -1.735157 4.112145
-1.043518 1.154444 -4.741549
0.754139 -0.094389 -4.944904
-0.019225 0.013056 4.999946
2.233107 3.829677 -1.384887
1.806938 -0.925953 -4.643268
-3.357229 3.102191 -1.853006
2.370970 2.979490 -3.160431
0.786457 -1.076932 4.835900
0.012542 0.402489 -4.983885
3.065507 2.594873 -3.060621
-0.016447 0.079850 -4.999329
-2.585092 2.372754 -3.563819
1.251993 -0.956774 -4.768411
2.037729 -4.236325 0.684006
-0.607188 0.988924 -4.842416
-0.097640 0.033784 -4.998949
2.179307 4.747880 0.773828
2.654453 0.597579 -4.098421
4.581766 1.832735 -2.183552
-2.299703 3.741236 1.543441
0.016836 -0.314327 -4.989975
-3.112316 1.577741 -3.607234
-0.238414 -0.102310 -4.992972
3.316748 -3.531702 -1.434133
-4.867598 0.711544 -0.323875
0.014339 2.994331 4.001901
-0.187243 -0.283842 4.987950
3.169837 -0.024317 -3.869811
0.535280 -0.243032 -4.968146
0.551327 -2.246906 -4.335070
-3.281263 0.192205 3.751050
0.566500 0.299711 4.962169
3.296847 -3.788714 -0.712179
-1.269257 0.125024 4.822705
1.389493 1.851911 -4.489599
0.504755 3.323024 -3.741980
1.401382 0.859138 4.761138
-3.717472 -1.664155 2.156411
-1.991676 -2.702455 -3.746228
0.038820 -4.800442 -1.446064
-4.520510 0.996361 2.483230
-5.043657 0.839998 1.047691
3.192218 -2.192888 3.254214
-0.582192 2.083440 -4.409965
-4.842333 -0.166823 -1.452106
-4.894929 -1.668416 -0.535971
1.430423 0.167389 -4.768540
-4.516241 1.081776 -0.926932
-0.028944 0.020917 4.999872
-0.191596 0.742902 4.946012
-0.747604 -0.040370 -4.942214
2.287514 2.840784 3.437636
0.205655 1.960125 -4.627398
3.582654 0.774772 -3.433742
-4.072682 2.945894 0.117100
3.569663 -3.220112 1.668857
4.284562 0.878808 1.683903
-2.720647 2.318163 3.500781
0.035025 -2.019080 -4.567852
-0.037319 -0.504204 4.973766
3.716615 -0.010078 3.345579
0.433351 -4.101334 2.608580
0.688454 -0.623649 -4.915223
-2.040371 -0.010866 4.566656
-1.129737 -3.055640 3.728669
-1.732182 4.513579 -2.329767
-4.093832 -2.925772 -0.138077
-0.063905 4.530836 2.058105
-0.319334 -0.208278 -4.984759
-4.475569 2.346930 0.149601
-0.774893 0.438094 -4.928351
-3.203976 -1.159723 -3.626162
4.808494 1.182914 -2.012636
0.242040 -0.260414 -4.987239
1.668386 0.785693 4.708535
-5.038524 0.713200 0.977121
3.115125 2.456633 2.884733
5.015061 -0.336989 0.504540
-2.154860 -0.242827 -4.459042
-1.980433 0.168304 4.557986
-1.998246 -4.197641 2.557359
0.518669 -0.693663 -4.918632
2.583535 -3.762541 1.255484
0.061275 -0.227876 -4.994239
-0.924275 0.740363 4.846842
-0.097010 0.059761 4.998682
1.247645 0.302193 -4.804254
-1.349120 3.531429 -3.354922
-3.685875 -3.315142 -1.097321
4.970200 -1.322524 0.503958
3.837716 -2.998727 1.831245
-2.681854 0.068424 4.206057
-3.757676 -3.330180 -0.366908
0.132140 0.310522 -4.989170
-1.363333 -1.948711 -4.470207
-0.068537 0.059785 4.999170
-0.995748 4.342522 -2.703628
-0.420369 -0.567565 4.946610
0.745319 -4.820239 -1.931237
0.741629 3.367370 -3.654342
-0.022457 -0.570790 4.966799
-2.185187 2.086945 3.972908
-2.751826 0.006880 4.173301
-0.183990 -2.428729 4.330026
-2.530607 -1.116469 4.299539
-3.419853 -0.204790 -3.633208
1.054377 3.153784 3.683778
2.532264 1.117170 -4.044560
-0.010278 4.139994 -2.807790
-1.467294 -1.476816 -4.547212
-3.654017 -0.131596 -3.417730
4.371559 -2.737605 0.700385
-0.021604 4.955665 -0.697372
3.590562 0.018162 3.479114
-0.471898 3.598322 3.413113
4.813590 -1.428698 0.058759
2.602428 -4.056548 -2.199958
1.459021 0.864065 4.747418
-0.209855 -0.003526 4.995603
-3.185160 1.153305 3.639993
2.488519 1.769830 4.038819
0.978369 -0.028299 4.901634
2.544421 -1.606057 -4.097468
3.591502 1.500758 2.691013
-0.110155 0.147716 -4.996548
2.209431 -1.291272 -4.401144
-0.390520 -0.292153 4.977096
1.502971 0.359106 -4.710081
1.679590 3.806419 -1.910407
3.595034 0.952448 -3.395543
-2.784202 2.596333 3.259771
1.358739 0.548672 -4.729433
0.330200 -4.090698 -2.958254
-3.325926 -0.295522 -3.701529
0.400594 0.466203 -4.963111
-1.878755 1.306171 4.369560
3.858543 1.268187 2.237382
-3.536050 -0.596231 -3.494790
-2.077706 -1.039244 -4.312684
2.020561 -1.048810 -4.545613
4.729291 0.933838 -2.157308
0.129145 0.238951 -4.992895
0.462833 2.256871 -4.513422
-1.852131 1.249335 -4.541947
-2.104484 4.802726 -1.323592
-2.022518 -1.925905 4.160217
-1.952562 -0.418823 -4.511962
0.014490 0.036039 4.999848
3.131462 1.858031 3.362692
-2.407538 4.269623 -2.156347
-1.069414 1.215953 -4.716257
3.371690 0.824726 -3.583665
0.134975 -0.143662 -4.996098
-3.990706 0.948651 -2.303849
0.145863 0.372299 4.982894
1.708020 -1.064161 4.499631
1.886317 -3.516392 -3.181167
-3.151286 -3.863648 -0.085462
1.133563 -0.179418 -4.878006
0.964337 -0.503336 -4.895279
4.442762 -0.086469 2.352768
-3.031594 0.451500 -4.020774
-1.367592 -4.890314 0.237136
4.162653 1.434783 1.341372
1.753174 -0.235153 4.639748
-1.616892 -1.418756 4.538674
-2.905246 -3.533646 -1.570221
0.364156 -1.843233 -4.573634
-0.016119 0.640760 4.959151
-1.560064 2.698113 -3.831718
-4.866859 -0.317723 -1.527183
-1.934114 -1.320494 -4.336485
1.106917 2.043548 4.317592
-2.536299 4.012259 0.699148
-3.579849 1.902298 -2.293233
-0.712647 3.472621 3.522139
2.366206 -4.325694 -2.124146
2.480991 -3.397881 -2.912947
-4.815562 1.908418 0.544313
4.788697 2.103240 -1.421761
-0.001598 4.191893 2.724712
-5.029836 -0.529370 -0.743242
0.142299 -0.169619 -4.995036
3.670546 1.592383 2.363118
3.002004 -0.210161 3.961298
2.772616 -4.201028 -1.708662
0.629809 -0.981936 -4.842140
-0.083490 4.325482 2.454536
3.043604 1.774747 3.554063
2.815638 -2.721730 -3.093407
1.371896 -1.386721 4.605562
-4.706038 0.487056 2.071983
3.083526 1.687857 3.566858
-4.574943 -1.290399 0.613238
-2.251125 0.860561 4.258824
-0.507560 0.055476 -4.974707
-1.818942 -4.838415 1.672838
-1.195979 -1.017592 -4.730316
-2.264443 3.129421 3.017973
-0.691155 5.040466 -0.704093
2.669020 -0.344082 4.151255
-1.195856 1.192783 4.705775
1.326553 -1.300193 -4.645131
-1.931493 4.030807 1.185061
-1.035413 2.852177 4.107998
1.003391 0.489011 -4.850343
-2.210382 3.220105 2.896537
3.223981 -1.631883 -3.400244
-3.956128 3.156042 0.875937
3.888927 -3.214651 0.471354
0.250076 -3.855963 3.119810
0.020570 0.072482 4.999426
-0.755410 -0.307865 -4.923379
0.323849 4.903901 1.395578
1.270492 -3.139138 -3.640259
4.689418 -0.550559 2.134163
0.327152 -0.155415 -4.987554
0.365858 0.149660 -4.983293
-0.740384 1.246477 4.814545
-2.156825 0.735117 -4.546991
-0.913636 2.298855 4.460795
-3.764332 1.571800 -2.130204
1.034714 -4.393002 1.250942
0.314498 -0.079317 4.988991
3.576772 -0.061607 -3.492032
-2.844798 3.430467 1.900422
-2.784501 0.849255 3.961469
-2.040536 -4.797972 1.515383
0.114277 2.428133 4.346490
0.374372 -0.353921 4.973145
-2.955678 0.205755 3.994949
4.932093 0.774441 -1.636620
0.239620 -1.179544 -4.832575
-1.092579 4.614270 -2.348811
-2.668502 -3.658290 -1.449976
0.580145 0.029144 4.966739
3.607742 1.457801 2.695463
-0.267373 -3.388786 -3.683105
-1.139943 -1.919805 -4.555494
0.042860 -1.023723 -4.891187
-2.611412 -1.283207 4.200013
-1.349776 3.495775 -3.380057
3.166100 -1.060431 -3.807683
-3.497982 -1.413871 3.032341
3.171890 -1.362938 3.594442
0.268096 -3.898509 3.051724
2.945594 2.211998 3.331891
-3.605738 -2.764233 1.504777
-3.828607 -2.657833 1.018152
0.515151 2.528967 -4.373107
-0.208513 1.354430 4.826640
-3.214003 -3.514613 1.759507
1.791857 1.689147 4.365961
2.573527 -3.304924 2.418671
0.061344 0.120816 4.998125
-2.926385 0.885977 3.866608
1.580571 -3.349200 3.209924
1.762939 -2.196007 4.188277
-3.789086 -0.411620 3.159096
0.989853 -0.825590 -4.840846
0.228679 0.328048 -4.984608
-2.345274 -3.525573 -2.058449
-0.435001 1.125336 4.873169
-4.586006 -1.558221 0.374817
1.740300 2.496637 3.899711
1.729660 -0.199878 -4.713331
3.179781 2.435394 2.786169
-0.413363 -1.352087 -4.825847
-2.795207 1.538196 -3.958058
1.547145 4.491985 -0.578187
-2.853608 3.604290 -2.347916
-0.796555 0.343255 -4.932713
-1.403837 -1.257033 -4.613954
-0.122404 1.756877 -4.660629
4.624747 1.995932 -0.095197
-2.825021 3.071390 2.669745
0.067649 0.763763 -4.943130
0.307122 -4.739800 1.205612
-2.475507 -4.515766 0.495147
-1.277348 -0.383338 4.844354
0.157843 -0.335589 4.986968
2.020576 -0.238972 -4.605601
-3.347102 -2.895234 -2.517587
2.504435 -0.479910 4.214021
1.154227 -0.953963 -4.785736
1.271289 -0.006390 4.835100
-3.324463 3.435336 1.369552
-0.318715 0.932806 4.913676
-1.336958 3.020895 3.853002
2.315964 -1.124391 4.164796
0.195571 -3.169332 3.887864
-0.786044 -0.468020 -4.904555
4.502777 -2.523281 1.530133
1.782128 -3.355893 3.001789
-1.598119 4.648012 0.208753
-3.749068 3.282859 -0.141350
-4.853086 -0.102364 -1.335553
3.863125 -2.878755 2.031402
5.009146 0.969833 -1.395834
0.401652 -2.686411 4.272333
0.054668 -0.191253 -4.995925
2.173696 0.031277 4.508515
1.449420 -1.797093 -4.386903
-0.274775 -4.554110 -1.777992
-2.074019 -3.434220 -2.524810
-1.613816 0.148200 4.709468
1.207703 -0.890299 -4.792172
-1.776192 -2.857966 -3.758656
-0.162705 -1.163648 4.846523
1.873466 2.256292 -4.097092
-0.281804 -0.371035 4.977382
-0.133599 -3.348171 -3.721290
3.389737 0.969727 3.550728
4.354948 -1.019221 -1.353806
-0.235870 -1.460802 -4.798952
-3.493319 1.344451 -3.110783
0.561392 -3.796646 -3.274124
-2.606154 3.296501 -2.881499
4.535537 2.007098 0.098652
0.381002 -4.726350 1.153514
-0.649354 1.944864 -4.461423
2.630786 -2.956016 2.989835
3.207420 -2.508626 3.030638
0.091489 -1.146826 -4.858617
4.638873 -0.430435 -1.352433
-1.231314 -1.171346 -4.696193
4.006810 -0.890833 3.057282
0.938239 1.469089 4.630207
0.236610 -0.182081 4.990863
0.359570 0.641070 -4.950518
2.787895 1.452360 4.007317
1.236133 4.928471 1.717145
3.247654 1.716897 -3.433180
0.490132 0.654218 -4.936864
3.096852 -1.753575 -3.498798
0.838722 -1.483979 4.746593
4.141411 2.746826 0.102699
2.386382 -3.016640 -3.255180
4.965320 1.682270 -1.103151
-1.267017 1.487950 -4.574884
0.930501 3.380835 -3.579243
2.385503 1.882002 4.028059
0.014473 -3.509193 3.561821
-3.227615 -2.277848 2.823707
-0.002216 0.007218 -4.999994
1.479530 -3.330557 -3.456641
0.463965 -4.897772 -1.553321
-0.862203 4.809168 0.387319
1.759241 -3.064071 3.539117
1.606236 -4.152616 -2.775408
4.908364 -0.225757 1.261818
-1.560815 -2.372166 -4.214566
-0.964810 -1.445270 4.637109
-4.023730 3.096433 0.949351
3.420378 3.352375 -1.494737
-5.044692 -1.132389 -0.903653
0.410834 3.848443 3.227784
0.159788 0.257000 -4.991167
-0.716969 -3.235418 3.700227
-0.336872 3.837894 -3.236837
-0.011934 0.655291 -4.956540
-0.088549 0.680995 -4.949985
2.924026 -1.567394 -3.827573
-0.941587 -0.246012 -4.890844
-0.169791 0.395897 -4.980035
0.141377 0.939333 -4.915504
-3.868402 -3.090665 0.248015
-3.762260 1.281274 -2.479359
3.503464 -0.126534 3.563494
2.374737 -1.403175 -4.284148
3.718891 2.343223 1.564146
-1.327534 4.525603 -2.442571
-1.054287 2.805068 -3.900623
-0.186047 -0.136466 -4.994558
-2.656135 2.358395 -3.517191
1.554620 -0.457273 -4.771846
-2.963439 0.218668 3.986959
-0.244968 -0.730728 -4.946174
3.833455 -3.263412 0.427537
0.264803 4.916574 -0.553546
0.039169 -0.228307 4.994752
-0.436000 -1.981565 -4.630922
0.640546 0.453145 -4.932989
-2.061404 -3.964275 -1.221150
3.781579 0.072233 3.260309
-0.057769 -0.257044 -4.993271
1.619668 4.980259 1.130190
-0.367668 3.810215 -3.265259
2.239522 2.411252 3.753609
0.340282 0.021729 4.988516
0.240548 0.340134 4.981859
3.877697 1.768794 1.655884
4.792437 -0.482764 -0.811458
1.705751 0.057543 -4.691286
-0.201909 2.333949 4.455201
0.905647 -0.751634 -4.867396
1.986143 1.474823 4.411572
2.766821 4.329373 1.364405
-1.439070 1.868620 -4.349657
-0.037751 -0.081235 4.999186
-3.482006 -0.064494 -3.586237
-0.166758 0.924365 -4.901963
-3.274267 -3.823710 0.510279
5.005808 -1.480851 1.182100
1.005701 -2.679541 -3.986269
3.575946 3.360464 -1.183178
0.033707 -0.133881 4.998128
2.658620 3.171154 -2.625109
1.130365 -3.831378 2.481595
0.223536 -0.090385 4.993948
3.725240 1.840809 1.962783
-2.835662 0.457550 -4.173593
-0.569293 0.154777 -4.967618
-2.353454 4.413195 -0.004066
-4.661181 -0.137192 1.657525
-2.708287 1.517245 3.838062
1.801966 0.115870 -4.644087
-3.289029 -0.644433 3.764573
0.565601 -0.027394 -4.968365
0.224441 -1.805288 -4.620865
0.725619 2.618090 -4.314748
-0.655075 -0.504728 4.935074
0.871015 -0.869718 4.846046
5.005579 1.281646 -0.658540
-0.193255 -0.042024 -4.995991
2.895481 4.236995 1.123353
1.492675 2.039442 -4.385415
-3.166998 -0.154142 3.886237
-4.270276 -0.535749 2.147341
-1.158752 5.007006 -0.563530
-1.978501 -2.332727 -3.994515
4.524625 -1.472192 -0.571607
-2.392541 3.499729 2.088015
-0.424774 2.117088 4.575412
-3.800114 1.152955 -2.535992
-3.277629 0.366031 -3.794593
0.224414 -3.638360 3.408887
1.217081 2.533925 4.019761
2.237695 3.939679 2.653415
1.784334 -3.779602 1.877362
-1.174222 -5.043909 1.038807
1.289047 -4.466109 0.846059
0.873090 1.808576 -4.652898
0.845758 -4.765619 -2.075113
2.776936 -4.105403 -1.872168
1.057595 -1.613572 -4.546885
-2.021633 2.241841 4.011136
4.726846 -1.439368 -0.153096
1.539835 1.024374 4.691969
2.656904 -0.628288 -4.295799
0.596169 4.864801 1.749705
0.987387 -0.711179 4.832511
3.072558 0.544629 3.985829
-0.201663 0.112010 4.994493
0.254237 -1.227221 -4.817189
-3.598056 0.052297 -3.469897
-4.329175 0.354575 -2.215060
-1.528075 4.852478 -0.251352
3.034440 -1.032010 3.765340
4.820402 2.090512 -1.063595
-4.131582 2.215617 2.484593
4.084949 2.739430 0.267104
1.257520 -0.136765 -4.848347
1.739112 -3.930262 1.562500
-3.218677 -0.040142 3.830641
-0.004837 4.743024 -1.587872
0.959067 1.258491 -4.766667
-1.607486 -2.444110 3.971903
-2.882443 -1.721851 3.771449
1.165221 -2.665280 -3.956155
-3.270565 0.131948 -3.793154
0.858955 1.962458 -4.604879
4.870412 -0.430685 1.617463
1.008699 3.653655 -3.047858
4.336702 -0.564801 -1.957266
-0.461141 -0.411719 4.962438
0.892384 -3.456067 -3.510112
-4.709072 1.357812 -0.258349
0.100983 -0.418119 4.982418
-4.228142 1.081170 2.820382
-3.459575 -1.819462 2.704822
-1.343796 1.177985 4.651288
-2.918332 -0.205551 -4.020962
1.562789 -3.923260 1.743927
2.840994 -4.074969 0.119663
0.033716 -0.157258 4.997461
-4.497296 2.513961 0.518704
-0.057826 0.591679 -4.963235
-0.293965 0.428424 -4.971350
-4.041826 2.367262 -0.797888
0.075475 0.261605 -4.992857
-0.448250 -1.489431 -4.789894
-0.325642 -4.846458 1.602598
-0.398462 -0.224713 -4.977581
0.945343 0.838268 -4.830735
1.959694 2.791935 3.632797
2.668812 1.993966 -3.697648
-2.607165 1.784198 -3.955310
-3.584189 1.573979 -2.627559
-0.046652 -2.857114 -4.111516
1.010269 3.591721 3.387491
0.835257 -3.829569 2.813855
-0.155647 0.929621 4.917335
-0.871767 -0.389922 -4.892633
3.198524 3.901753 0.413765
2.697038 -0.033388 -4.216599
1.116189 3.420527 -3.428696
-0.617887 -1.598949 -4.748696
-2.006518 1.478826 4.263422
0.502131 -3.610285 3.388944
-0.625842 -0.700974 4.908031
0.150651 4.851324 -1.006580
-1.066881 0.164278 -4.891612
-3.037429 -0.676145 -3.842418
0.749893 2.671885 -4.279384
2.606229 3.673150 -1.465211
-1.944796 2.710888 3.772315
-0.247398 2.418768 4.415937
0.084668 -1.680216 4.719844
2.909502 -3.196375 2.379574
-3.292064 -1.610529 -3.440815
-2.613997 -0.764500 4.313972
-1.834120 -4.239470 -0.844753
1.701136 4.181325 -1.068198
-4.548368 -2.018254 0.059333
-1.146710 3.990505 -3.037721
-0.294170 -0.036233 4.991397
-0.578651 -0.566625 4.934310
-2.327806 4.672403 -0.800657
2.592565 -0.518073 -4.335889
-2.690141 -3.036744 -2.828196
3.301925 -2.823990 -2.226599
-0.109275 -1.310180 4.813151
2.098757 0.620132 -4.393251
1.087233 -0.329810 -4.885905
-2.869875 -3.943777 -0.448179
-2.483885 4.252442 -2.092887
0.115134 0.204856 4.994283
-1.539124 -2.122468 4.182196
0.856561 -2.819882 4.166543
-2.778047 -4.045216 1.961255
-1.381015 0.106015 -4.814597
0.421390 1.278281 4.776671
4.055136 -0.918920 -2.183349
1.345568 2.057681 -4.439920
-2.631557 0.167449 -4.280951
-0.189544 1.141792 4.876401
-0.117726 -4.687679 1.856254
2.213706 -0.724347 -4.523739
3.944087 -0.400548 3.129573
3.941607 2.438331 -2.493436
-3.912528 1.579048 2.996220
3.282971 3.091456 2.042512
0.466438 0.227738 4.974923
0.589404 -2.843793 -3.985640
2.180572 3.791942 -1.515224
-3.993021 -3.064619 -0.185630
-2.625584 -4.452412 0.663962
1.728442 -2.783613 -3.725522
1.890745 3.565480 -2.343772
3.697909 0.928628 -3.319210
3.400671 -0.920855 -3.554370
2.548268 -0.552081 -4.362338
0.203392 -4.979266 0.196498
0.060557 -0.543531 4.971051
-1.347528 4.925868 -0.343384
0.228873 0.335843 -4.984140
-0.178764 -2.192219 4.455768
1.253077 0.933940 4.773853
-0.475231 -1.232764 -4.848883
0.313206 -0.878281 -4.898248
1.557985 -1.244350 4.545564
-0.540472 1.166202 4.856517
-0.679603 4.074749 2.425855
-4.298621 -0.558671 2.054587
3.503192 -3.450749 -0.852853
-4.789094 0.019155 -1.413221
-0.051826 -0.410446 -4.983374
3.875744 1.482750 1.941742
0.690617 -0.921289 -4.852612
-2.919054 2.156943 -3.408134
-1.265988 -5.034374 1.141173
-2.932183 -3.940269 -0.350991
-2.191675 -1.157425 -4.226549
0.546339 2.704222 -4.266318
3.469976 -1.654960 -2.850450
-1.877596 -0.168597 -4.602547
2.244376 2.833651 -3.435459
-4.601917 0.319260 -1.597647
-0.708805 2.026127 4.601537
-0.274811 1.359507 -4.773933
-1.898645 4.742900 -1.849132
-1.985022 3.923017 -2.819342
-0.065076 0.262436 4.992933
-0.534956 0.080419 -4.971964
-3.134237 3.922029 -0.129295
4.247778 1.064340 1.545292
0.376763 -2.419785 4.427555
-0.744128 4.467026 1.411911
0.056837 4.919008 -0.814507
0.158648 0.444157 -4.979191
4.567144 -2.038085 0.003168
1.856608 -0.057701 4.632770
1.183446 0.993607 4.770523
-1.330145 -5.027344 1.160650
-0.373768 1.525193 4.782256
0.117490 0.428082 4.978946
-2.460000 0.527367 4.226930
-2.859356 4.143030 -1.620906
1.254123 -2.049607 -4.285422
-0.099030 3.733255 3.313835
-2.350521 0.193600 4.370459
-1.363002 -1.346022 -4.616490
0.797305 -3.702296 3.106896
0.500315 1.018642 4.844983
1.988362 -3.149990 3.220451
-1.267619 -4.941910 0.341161
0.026740 -0.071112 -4.999416
-3.379539 -3.693340 0.567553
-4.562735 0.422843 2.314404
0.180405 -4.433323 2.162267
0.930881 -2.901584 4.091741
1.698120 1.291746 4.569494
3.998019 -1.328574 -1.817057
-1.726235 4.025818 1.365690
-1.334809 -3.935806 -1.960049
3.211256 -2.101028 -3.009834
0.091859 -0.070747 -4.998668
0.667188 0.374052 4.946565
-0.733498 1.235787 4.817736
-1.933932 2.885988 3.617914
-2.498101 -4.474272 0.400921
-3.214862 3.868110 -0.965102
-4.044030 -1.092044 -2.998311
4.210283 2.931452 -0.888160
0.029364 0.519591 4.972337
-2.925840 3.537217 1.540098
2.250843 3.210154 -2.881346
-5.041226 0.728713 0.689950
-3.155027 -3.155185 2.256322
4.983239 -0.747157 1.423472
4.858202 1.124723 -1.907597
2.202129 -1.905295 -4.101874
-1.505644 -0.890624 -4.620557
-1.787568 2.224039 -4.053851
